352       FT911-808           1     0.027026
352       FT911-1868          2     0.016252
353       FT911-122           1     0.407191
353       FT911-558           2     0.321325
353       FT911-1769          3     0.302225
353       FT911-4151          4     0.233061
353       FT911-4261          5     0.182671
353       FT911-4348          6     0.175343
353       FT911-4349          7     0.130215
353       FT911-2534          8     0.004505
354       FT911-4783          1     0.321689
354       FT911-2786          2     0.210233
354       FT911-1702          3     0.177346
354       FT911-1288          4     0.177016
354       FT911-4804          5     0.159286
354       FT911-2977          6     0.114198
354       FT911-429           7     0.102145
354       FT911-1705          8     0.079227
359       FT911-1517          1     0.111113
