352       FT911-808           1     0.020744
352       FT911-1868          2     0.014426
353       FT911-122           1     0.482947
353       FT911-558           2     0.381106
353       FT911-1769          3     0.358452
353       FT911-4151          4     0.276420
353       FT911-4261          5     0.208088
353       FT911-4348          6     0.207964
353       FT911-4349          7     0.126540
354       FT911-2786          1     0.294570
354       FT911-4783          2     0.242328
354       FT911-4804          3     0.225590
354       FT911-1702          4     0.190278
354       FT911-1288          5     0.189924
354       FT911-2977          6     0.156300
359       FT911-1517          1     0.131481
