352       FT911-1868          1     0.088297
352       FT911-808           2     0.059971
353       FT911-122           1     0.451661
353       FT911-1769          2     0.386282
353       FT911-558           3     0.368117
353       FT911-4348          4     0.245678
353       FT911-4349          5     0.220521
353       FT911-4151          6     0.209652
353       FT911-4261          7     0.167920
353       FT911-2897          8     0.125547
353       FT911-2315          9     0.108582
353       FT911-2534         10     0.073088
354       FT911-4783          1     0.299691
354       FT911-2786          2     0.194031
354       FT911-1702          3     0.165218
354       FT911-1288          4     0.164911
354       FT911-1705          5     0.163607
354       FT911-4804          6     0.148394
354       FT911-2977          7     0.106388
354       FT911-429           8     0.095160
359       FT911-1517          1     0.104343
